$N
[1] 66

$TC
 [1]   100.000   200.000   200.000   200.000   100.000   100.000     1.000
 [8]   224.000    92.000   171.000   459.000  1016.000   769.000  1418.000
[15]  2030.000  2578.000  1952.000  1577.000  2448.000  4481.000  5426.000
[22]  2166.000  2580.000  3078.000  2753.000  3062.000  2812.000  2855.000
[29]  2766.000  3294.000  5323.000  3975.000  6447.000  5402.000  9161.600
[36]  9585.700  5894.000  6029.890 13172.000 17055.000 17304.210 13892.570
[43] 13813.330 16130.270 18958.006 21930.300 18289.160 18542.053 14027.225
[50] 15501.610 15727.598 15127.830 14103.943 12632.648 13076.581 13162.354
[57] 14245.038 15629.519 12546.000 12846.333 12697.138 11298.958 10677.287
[64]  8211.788  9908.350 10256.955

$I
           [,1]    [,2]    [,3]  [,4]  [,5] [,6]    [,7]
 [1,]        NA      NA      NA    NA    NA   NA      NA
 [2,]        NA      NA      NA    NA    NA   NA      NA
 [3,]        NA      NA      NA    NA    NA   NA      NA
 [4,]        NA      NA      NA    NA    NA   NA      NA
 [5,]        NA      NA      NA    NA    NA   NA      NA
 [6,]        NA      NA      NA    NA    NA   NA      NA
 [7,]        NA      NA      NA    NA    NA   NA      NA
 [8,]        NA      NA      NA    NA    NA   NA      NA
 [9,]        NA      NA      NA    NA    NA   NA      NA
[10,]        NA      NA      NA    NA    NA   NA      NA
[11,]        NA      NA      NA    NA    NA   NA      NA
[12,]        NA      NA      NA    NA    NA   NA      NA
[13,]        NA      NA      NA    NA    NA   NA      NA
[14,]        NA      NA      NA    NA    NA   NA      NA
[15,]        NA      NA      NA    NA    NA   NA      NA
[16,]        NA      NA      NA    NA    NA   NA      NA
[17,]        NA      NA      NA    NA    NA   NA      NA
[18,]        NA      NA      NA    NA    NA   NA      NA
[19,]        NA      NA      NA    NA    NA   NA      NA
[20,]        NA      NA      NA    NA    NA   NA      NA
[21,]        NA      NA      NA    NA    NA   NA      NA
[22,]        NA      NA      NA    NA    NA   NA      NA
[23,]        NA      NA      NA    NA    NA   NA      NA
[24,]        NA      NA      NA    NA    NA   NA      NA
[25,]        NA      NA      NA    NA    NA   NA      NA
[26,]        NA      NA      NA    NA    NA   NA      NA
[27,]        NA      NA      NA    NA    NA   NA      NA
[28,]        NA      NA      NA    NA    NA   NA      NA
[29,]        NA      NA      NA    NA    NA   NA      NA
[30,]        NA      NA      NA    NA    NA   NA      NA
[31,]        NA      NA      NA    NA    NA   NA      NA
[32,]        NA      NA      NA    NA    NA   NA      NA
[33,]        NA      NA      NA    NA    NA   NA      NA
[34,]        NA      NA      NA    NA    NA   NA      NA
[35,]        NA      NA      NA    NA    NA   NA      NA
[36,]        NA      NA      NA    NA    NA   NA      NA
[37,]        NA      NA      NA    NA    NA   NA      NA
[38,]        NA      NA      NA    NA    NA   NA      NA
[39,]        NA      NA      NA    NA    NA   NA      NA
[40,]        NA 535.910      NA    NA    NA   NA      NA
[41,]        NA 403.909      NA 2.677    NA   NA      NA
[42,]        NA 390.467      NA 1.610    NA   NA      NA
[43,]        NA 354.761      NA 1.328    NA   NA      NA
[44,]        NA 307.831      NA 1.299    NA   NA      NA
[45,]        NA 352.405      NA 1.484    NA   NA      NA
[46,]        NA 402.194      NA 1.074    NA   NA      NA
[47,]        NA 362.581      NA 1.090    NA   NA      NA
[48,]        NA 340.035      NA 0.961    NA   NA      NA
[49,]        NA 331.422      NA 0.942    NA   NA      NA
[50,]        NA 356.245      NA 0.801    NA   NA      NA
[51,]        NA      NA 430.224 0.576    NA   NA      NA
[52,]        NA      NA 380.538 0.476    NA 6.47      NA
[53,]        NA      NA 364.041 0.601    NA 4.13      NA
[54,]        NA      NA 319.566 0.515    NA 6.17      NA
[55,]        NA      NA 314.020 0.551    NA 5.22 401.027
[56,] 0.8604807      NA 378.894 0.444    NA 5.21 381.001
[57,] 1.2961642      NA 382.613    NA 0.783 5.50 304.355
[58,] 1.9030015      NA 369.436    NA 1.041 4.96 328.674
[59,] 1.2108188      NA 356.277    NA 0.929 3.23 268.186
[60,] 1.2607141      NA 389.449    NA 1.038 3.51 254.112
[61,] 1.4001062      NA 379.479    NA 0.955 3.29 284.752
[62,] 1.1467563      NA 367.480    NA 0.797 2.00 226.249
[63,] 1.1365015      NA 392.346    NA 1.038 5.08 212.388
[64,]        NA      NA 393.116    NA 0.976   NA 289.201
[65,]        NA      NA 412.817    NA 1.006   NA 273.622
[66,]        NA      NA 447.395    NA 1.007   NA 304.240

$SE2
            [,1]       [,2]       [,3]       [,4]       [,5]   [,6]     [,7]
 [1,] 0.04810000 0.04810000 0.04810000 0.04810000 0.04810000 0.0481 0.048100
 [2,] 0.04810000 0.04810000 0.04810000 0.04810000 0.04810000 0.0481 0.048100
 [3,] 0.04810000 0.04810000 0.04810000 0.04810000 0.04810000 0.0481 0.048100
 [4,] 0.04810000 0.04810000 0.04810000 0.04810000 0.04810000 0.0481 0.048100
 [5,] 0.04810000 0.04810000 0.04810000 0.04810000 0.04810000 0.0481 0.048100
 [6,] 0.04810000 0.04810000 0.04810000 0.04810000 0.04810000 0.0481 0.048100
 [7,] 0.04810000 0.04810000 0.04810000 0.04810000 0.04810000 0.0481 0.048100
 [8,] 0.04810000 0.04810000 0.04810000 0.04810000 0.04810000 0.0481 0.048100
 [9,] 0.04810000 0.04810000 0.04810000 0.04810000 0.04810000 0.0481 0.048100
[10,] 0.04810000 0.04810000 0.04810000 0.04810000 0.04810000 0.0481 0.048100
[11,] 0.04810000 0.04810000 0.04810000 0.04810000 0.04810000 0.0481 0.048100
[12,] 0.04810000 0.04810000 0.04810000 0.04810000 0.04810000 0.0481 0.048100
[13,] 0.04810000 0.04810000 0.04810000 0.04810000 0.04810000 0.0481 0.048100
[14,] 0.04810000 0.04810000 0.04810000 0.04810000 0.04810000 0.0481 0.048100
[15,] 0.04810000 0.04810000 0.04810000 0.04810000 0.04810000 0.0481 0.048100
[16,] 0.04810000 0.04810000 0.04810000 0.04810000 0.04810000 0.0481 0.048100
[17,] 0.04810000 0.04810000 0.04810000 0.04810000 0.04810000 0.0481 0.048100
[18,] 0.04810000 0.04810000 0.04810000 0.04810000 0.04810000 0.0481 0.048100
[19,] 0.04810000 0.04810000 0.04810000 0.04810000 0.04810000 0.0481 0.048100
[20,] 0.04810000 0.04810000 0.04810000 0.04810000 0.04810000 0.0481 0.048100
[21,] 0.04810000 0.04810000 0.04810000 0.04810000 0.04810000 0.0481 0.048100
[22,] 0.04810000 0.04810000 0.04810000 0.04810000 0.04810000 0.0481 0.048100
[23,] 0.04810000 0.04810000 0.04810000 0.04810000 0.04810000 0.0481 0.048100
[24,] 0.04810000 0.04810000 0.04810000 0.04810000 0.04810000 0.0481 0.048100
[25,] 0.04810000 0.04810000 0.04810000 0.04810000 0.04810000 0.0481 0.048100
[26,] 0.04810000 0.04810000 0.04810000 0.04810000 0.04810000 0.0481 0.048100
[27,] 0.04810000 0.04810000 0.04810000 0.04810000 0.04810000 0.0481 0.048100
[28,] 0.04810000 0.04810000 0.04810000 0.04810000 0.04810000 0.0481 0.048100
[29,] 0.04810000 0.04810000 0.04810000 0.04810000 0.04810000 0.0481 0.048100
[30,] 0.04810000 0.04810000 0.04810000 0.04810000 0.04810000 0.0481 0.048100
[31,] 0.04810000 0.04810000 0.04810000 0.04810000 0.04810000 0.0481 0.048100
[32,] 0.04810000 0.04810000 0.04810000 0.04810000 0.04810000 0.0481 0.048100
[33,] 0.04810000 0.04810000 0.04810000 0.04810000 0.04810000 0.0481 0.048100
[34,] 0.04810000 0.04810000 0.04810000 0.04810000 0.04810000 0.0481 0.048100
[35,] 0.04810000 0.04810000 0.04810000 0.04810000 0.04810000 0.0481 0.048100
[36,] 0.04810000 0.04810000 0.04810000 0.04810000 0.04810000 0.0481 0.048100
[37,] 0.04810000 0.04810000 0.04810000 0.04810000 0.04810000 0.0481 0.048100
[38,] 0.04810000 0.04810000 0.04810000 0.04810000 0.04810000 0.0481 0.048100
[39,] 0.04810000 0.04810000 0.04810000 0.04810000 0.04810000 0.0481 0.048100
[40,] 0.04810000 0.04006809 0.04810000 0.04810000 0.04810000 0.0481 0.048100
[41,] 0.04810000 0.04003634 0.04810000 0.04018311 0.04810000 0.0481 0.048100
[42,] 0.04810000 0.04003126 0.04810000 0.04024112 0.04810000 0.0481 0.048100
[43,] 0.04810000 0.04002641 0.04810000 0.04029889 0.04810000 0.0481 0.048100
[44,] 0.04810000 0.04001966 0.04810000 0.04028524 0.04810000 0.0481 0.048100
[45,] 0.04810000 0.04002005 0.04810000 0.04022884 0.04810000 0.0481 0.048100
[46,] 0.04810000 0.04001867 0.04810000 0.04026088 0.04810000 0.0481 0.048100
[47,] 0.04810000 0.04001767 0.04810000 0.04028395 0.04810000 0.0481 0.048100
[48,] 0.04810000 0.04001387 0.04810000 0.04040701 0.04810000 0.0481 0.048100
[49,] 0.04810000 0.04001703 0.04810000 0.04046936 0.04810000 0.0481 0.048100
[50,] 0.04810000 0.04001803 0.04810000 0.04049700 0.04810000 0.0481 0.048100
[51,] 0.04810000 0.04810000 0.04001943 0.04057197 0.04810000 0.0481 0.048100
[52,] 0.04810000 0.04810000 0.04001509 0.04083753 0.04810000 0.2425 0.048100
[53,] 0.04810000 0.04810000 0.04001628 0.04093399 0.04810000 0.6176 0.048100
[54,] 0.04810000 0.04810000 0.04002016 0.04056532 0.04810000 0.2249 0.048100
[55,] 0.04810000 0.04810000 0.04003285 0.04053588 0.04810000 0.2164 0.046400
[56,] 0.04909333 0.04810000 0.04002877 0.04111050 0.04810000 0.2249 0.046084
[57,] 0.05389384 0.04810000 0.04002731 0.04810000 0.04071373 0.1556 0.045625
[58,] 0.06079445 0.04810000 0.04002900 0.04810000 0.04124524 0.1921 0.045184
[59,] 0.05283828 0.04810000 0.04002381 0.04810000 0.04094587 0.2336 0.046084
[60,] 0.05110260 0.04810000 0.04002103 0.04810000 0.04084100 0.2081 0.045329
[61,] 0.05335297 0.04810000 0.04002332 0.04810000 0.04086339 0.2425 0.045776
[62,] 0.05557061 0.04810000 0.04002219 0.04810000 0.04082984 0.2249 0.046241
[63,] 0.05208257 0.04810000 0.04002630 0.04810000 0.04132299 0.2609 0.047744
[64,] 0.04810000 0.04810000 0.04002825 0.04810000 0.04082663 0.0481 0.045625
[65,] 0.04810000 0.04810000 0.04002951 0.04810000 0.04232134 0.0481 0.045625
[66,] 0.04810000 0.04810000 0.04003048 0.04810000 0.04133074 0.0481 0.045184

$r.pr
[1] 0.42 0.37

$psi.pr
[1] 1.0000000 0.2462207

$K.pr
[1] 141421.3562373      0.8325546

$nq
[1] 7

$nI
[1] 7

$nvar
[1] 7

$sigma.fixed
[1] 0

$sets.var
[1] 1 2 3 4 5 6 7

$sets.q
[1] 1 2 3 4 5 6 7

$Plim
[1] 0

$slope.HS
[1] 10000000000

$nTAC
[1] 9

$pyrs
[1] 10

$TAC
       [,1]  [,2]  [,3]  [,4]  [,5]  [,6]  [,7]  [,8]  [,9]
 [1,] 10058 10058 10058 10058 10058 10058 10058 10058 10058
 [2,] 10058 10058 10058 10058 10058 10058 10058 10058 10058
 [3,] 10000 11000 12000 13000 14000 15000 16000 17000 18000
 [4,] 10000 11000 12000 13000 14000 15000 16000 17000 18000
 [5,] 10000 11000 12000 13000 14000 15000 16000 17000 18000
 [6,] 10000 11000 12000 13000 14000 15000 16000 17000 18000
 [7,] 10000 11000 12000 13000 14000 15000 16000 17000 18000
 [8,] 10000 11000 12000 13000 14000 15000 16000 17000 18000
 [9,] 10000 11000 12000 13000 14000 15000 16000 17000 18000
[10,] 10000 11000 12000 13000 14000 15000 16000 17000 18000

$igamma
[1] 4.00 0.01

$stI
[1] 1

$TACint
[1] 10058

$pen.bk
 [1] 0 0 0 0 0 0 0 0 0 0 0 0 0 0 0 0 0 0 0 0 0 0 0 0 0 0 0 0 0 0 0 0 0 0 0 0 0
[38] 0 0 0 0 0 0 0 0 0 0 0 0 0 0 0 0 0 0 0 0 0 0 0 0 0 0 0 0 0

$proc.pen
[1] 0

$K.pen
[1] 0

$obs.pen
[1] 0 0 0 0 0 0 0

$P_bound
[1] 0.02 1.00

$q_bounds
[1]    0.000000000000000000000000000001 1000.000000000000000000000000000000

$sigmaobs_bound
[1] 1

$sigmaproc_bound
[1] 0.2

$K_bounds
[1]         0.01 100000000.00

$mu.m
[1] 1.188

$m.CV
[1] 0.35

$Model.type
[1] "Pella_m"

$add.catch.CV
[1] FALSE

$catch.cv
[1] 0.05

$proc.dev.all
[1] TRUE

$Do.Projection
[1] TRUE

$TAC.implementation
[1] 2018

$catch.metric
[1] "(t)"

$harvest.label
[1] "Fmsy"

$Run.CPUE.avg.tool
[1] FALSE

$Use.avg.CPUE
[1] FALSE

$save.trajectories
[1] TRUE

$save.large.posterior.object
[1] FALSE

$Seed
[1] 882904

$MCMC.ni
[1] 30000

$MCMC.saved.steps
[1] 5

$MCMC.burnin
[1] 5000

$MCMC.Chains
[1] 2

$MCMC.saved
[1] 10000

