$data
$data$yr
 [1] 1950 1951 1952 1953 1954 1955 1956 1957 1958 1959 1960 1961 1962 1963 1964 1965 1966 1967 1968 1969 1970 1971 1972 1973 1974 1975 1976 1977 1978 1979 1980
[32] 1981 1982 1983 1984 1985 1986 1987 1988 1989 1990 1991 1992 1993 1994 1995 1996 1997 1998 1999 2000 2001 2002 2003 2004 2005 2006 2007 2008 2009 2010 2011
[63] 2012 2013 2014 2015 2016 2017

$data$catch
   Year      Total
1  1950    808.000
2  1951   1651.000
3  1952   2018.000
4  1953   2951.000
5  1954   2932.000
6  1955   4808.000
7  1956   2779.023
8  1957   8720.000
9  1958   4290.000
10 1959   7732.000
11 1960   9112.800
12 1961  17060.300
13 1962  23131.780
14 1963  26038.720
15 1964  23631.091
16 1965  39393.732
17 1966  25385.860
18 1967  25252.112
19 1968  23911.256
20 1969  36889.424
21 1970  42432.936
22 1971  55866.320
23 1972  47286.864
24 1973  56990.935
25 1974  64092.586
26 1975  61301.000
27 1976  45302.000
28 1977  54880.000
29 1978  52693.000
30 1979  45975.000
31 1980  63596.960
32 1981  67869.010
33 1982  73681.724
34 1983  59585.640
35 1984  71170.641
36 1985  78261.552
37 1986  65444.543
38 1987  57415.592
39 1988  66409.691
40 1989  78719.805
41 1990  85263.912
42 1991  97197.125
43 1992 100117.428
44 1993 113862.310
45 1994 134935.655
46 1995 128027.661
47 1996 120750.745
48 1997 110266.125
49 1998 107935.223
50 1999 121642.597
51 2000 103726.521
52 2001  91200.644
53 2002  75725.980
54 2003  87701.705
55 2004  90057.953
56 2005  67888.782
57 2006  59140.959
58 2007  69509.918
59 2008  63364.032
60 2009  76324.338
61 2010  75930.337
62 2011  76366.136
63 2012  71058.917
64 2013  67848.664
65 2014  75029.180
66 2015  80172.094
67 2016  79908.674
68 2017  76982.033

$data$cpue
   Year JR2_early  JR2_late
1  1950        NA        NA
2  1951        NA        NA
3  1952        NA        NA
4  1953        NA        NA
5  1954        NA        NA
6  1955        NA        NA
7  1956        NA        NA
8  1957        NA        NA
9  1958        NA        NA
10 1959 0.8423903        NA
11 1960 0.9248946        NA
12 1961 1.1712004        NA
13 1962 1.0033657        NA
14 1963 1.1517463        NA
15 1964 1.1687304        NA
16 1965 1.2292117        NA
17 1966 1.0771727        NA
18 1967 1.0424641        NA
19 1968 1.1929567        NA
20 1969 1.0735230        NA
21 1970 0.9381943        NA
22 1971 0.8413092        NA
23 1972 0.8516909        NA
24 1973 0.8778611        NA
25 1974 0.8179147        NA
26 1975 0.6587356        NA
27 1976 0.7142937        NA
28 1977 1.0417277        NA
29 1978 0.8669122        NA
30 1979        NA 1.8111556
31 1980        NA 1.7182949
32 1981        NA 1.7365652
33 1982        NA 1.3993860
34 1983        NA 1.4748415
35 1984        NA 1.5495533
36 1985        NA 1.5470705
37 1986        NA 1.6624703
38 1987        NA 1.8691707
39 1988        NA 1.8352200
40 1989        NA 1.4221279
41 1990        NA 1.1435173
42 1991        NA 1.1393758
43 1992        NA 1.0742772
44 1993        NA 1.0610198
45 1994        NA 0.9031096
46 1995        NA 0.9498851
47 1996        NA 0.7520685
48 1997        NA 0.6653016
49 1998        NA 0.7179181
50 1999        NA 0.6812869
51 2000        NA 0.7436197
52 2001        NA 0.5990783
53 2002        NA 0.5684584
54 2003        NA 0.5542348
55 2004        NA 0.4790064
56 2005        NA 0.4949895
57 2006        NA 0.5836369
58 2007        NA 0.6111681
59 2008        NA 0.4868744
60 2009        NA 0.4572708
61 2010        NA 0.4445215
62 2011        NA 0.4167771
63 2012        NA 0.4394569
64 2013        NA 0.6256380
65 2014        NA 0.6081729
66 2015        NA 0.6827938
67 2016        NA 0.5797435
68 2017        NA 0.5648207

$data$se
   Year Joint_early Joint_late
1  1950          NA         NA
2  1951          NA         NA
3  1952          NA         NA
4  1953          NA         NA
5  1954          NA         NA
6  1955          NA         NA
7  1956          NA         NA
8  1957          NA         NA
9  1958          NA         NA
10 1959   0.2307361         NA
11 1960   0.1759290         NA
12 1961   0.1596762         NA
13 1962   0.1543031         NA
14 1963   0.1339846         NA
15 1964   0.1239824         NA
16 1965   0.1133586         NA
17 1966   0.1510208         NA
18 1967   0.1527634         NA
19 1968   0.1665407         NA
20 1969   0.1704956         NA
21 1970   0.1711436         NA
22 1971   0.1662219         NA
23 1972   0.2302653         NA
24 1973   0.2561580         NA
25 1974   0.3182736         NA
26 1975   0.2324761         NA
27 1976   0.2528582         NA
28 1977   0.3052169         NA
29 1978   0.3345958         NA
30 1979          NA  0.3426190
31 1980          NA  0.2644448
32 1981          NA  0.2139916
33 1982          NA  0.2080539
34 1983          NA  0.2754144
35 1984          NA  0.2287235
36 1985          NA  0.1906411
37 1986          NA  0.2372145
38 1987          NA  0.2289445
39 1988          NA  0.2077898
40 1989          NA  0.1860294
41 1990          NA  0.1876598
42 1991          NA  0.1885663
43 1992          NA  0.2077920
44 1993          NA  0.1950054
45 1994          NA  0.1888188
46 1995          NA  0.1872776
47 1996          NA  0.1813505
48 1997          NA  0.1771754
49 1998          NA  0.1863781
50 1999          NA  0.1905333
51 2000          NA  0.1777371
52 2001          NA  0.1834325
53 2002          NA  0.1957682
54 2003          NA  0.1850345
55 2004          NA  0.1821759
56 2005          NA  0.1628111
57 2006          NA  0.1849374
58 2007          NA  0.1852418
59 2008          NA  0.1743357
60 2009          NA  0.1716634
61 2010          NA  0.1726919
62 2011          NA  0.1656868
63 2012          NA  0.1725735
64 2013          NA  0.1926907
65 2014          NA  0.2011511
66 2015          NA  0.2098384
67 2016          NA  0.2051790
68 2017          NA  0.2026274


$jagsdata
$jagsdata$N
[1] 68

$jagsdata$TC
 [1]    808.000   1651.000   2018.000   2951.000   2932.000   4808.000   2779.023   8720.000   4290.000   7732.000   9112.800  17060.300  23131.780  26038.720
[15]  23631.091  39393.732  25385.860  25252.112  23911.256  36889.424  42432.936  55866.320  47286.864  56990.935  64092.586  61301.000  45302.000  54880.000
[29]  52693.000  45975.000  63596.960  67869.010  73681.724  59585.640  71170.641  78261.552  65444.543  57415.592  66409.691  78719.805  85263.912  97197.125
[43] 100117.428 113862.310 134935.655 128027.661 120750.745 110266.125 107935.223 121642.597 103726.521  91200.644  75725.980  87701.705  90057.953  67888.782
[57]  59140.959  69509.918  63364.032  76324.338  75930.337  76366.136  71058.917  67848.664  75029.180  80172.094  79908.674  76982.033

$jagsdata$I
           [,1]      [,2]
 [1,]        NA        NA
 [2,]        NA        NA
 [3,]        NA        NA
 [4,]        NA        NA
 [5,]        NA        NA
 [6,]        NA        NA
 [7,]        NA        NA
 [8,]        NA        NA
 [9,]        NA        NA
[10,] 0.8423903        NA
[11,] 0.9248946        NA
[12,] 1.1712004        NA
[13,] 1.0033657        NA
[14,] 1.1517463        NA
[15,] 1.1687304        NA
[16,] 1.2292117        NA
[17,] 1.0771727        NA
[18,] 1.0424641        NA
[19,] 1.1929567        NA
[20,] 1.0735230        NA
[21,] 0.9381943        NA
[22,] 0.8413092        NA
[23,] 0.8516909        NA
[24,] 0.8778611        NA
[25,] 0.8179147        NA
[26,] 0.6587356        NA
[27,] 0.7142937        NA
[28,] 1.0417277        NA
[29,] 0.8669122        NA
[30,]        NA 1.8111556
[31,]        NA 1.7182949
[32,]        NA 1.7365652
[33,]        NA 1.3993860
[34,]        NA 1.4748415
[35,]        NA 1.5495533
[36,]        NA 1.5470705
[37,]        NA 1.6624703
[38,]        NA 1.8691707
[39,]        NA 1.8352200
[40,]        NA 1.4221279
[41,]        NA 1.1435173
[42,]        NA 1.1393758
[43,]        NA 1.0742772
[44,]        NA 1.0610198
[45,]        NA 0.9031096
[46,]        NA 0.9498851
[47,]        NA 0.7520685
[48,]        NA 0.6653016
[49,]        NA 0.7179181
[50,]        NA 0.6812869
[51,]        NA 0.7436197
[52,]        NA 0.5990783
[53,]        NA 0.5684584
[54,]        NA 0.5542348
[55,]        NA 0.4790064
[56,]        NA 0.4949895
[57,]        NA 0.5836369
[58,]        NA 0.6111681
[59,]        NA 0.4868744
[60,]        NA 0.4572708
[61,]        NA 0.4445215
[62,]        NA 0.4167771
[63,]        NA 0.4394569
[64,]        NA 0.6256380
[65,]        NA 0.6081729
[66,]        NA 0.6827938
[67,]        NA 0.5797435
[68,]        NA 0.5648207

$jagsdata$SE2
            [,1]       [,2]
 [1,] 0.00820000 0.00820000
 [2,] 0.00820000 0.00820000
 [3,] 0.00820000 0.00820000
 [4,] 0.00820000 0.00820000
 [5,] 0.00820000 0.00820000
 [6,] 0.00820000 0.00820000
 [7,] 0.00820000 0.00820000
 [8,] 0.00820000 0.00820000
 [9,] 0.00820000 0.00820000
[10,] 0.05333913 0.00820000
[11,] 0.03105103 0.00820000
[12,] 0.02559649 0.00820000
[13,] 0.02390946 0.00820000
[14,] 0.01805188 0.00820000
[15,] 0.01547164 0.00820000
[16,] 0.01295017 0.00820000
[17,] 0.02290730 0.00820000
[18,] 0.02343665 0.00820000
[19,] 0.02783580 0.00820000
[20,] 0.02916874 0.00820000
[21,] 0.02939013 0.00820000
[22,] 0.02772973 0.00820000
[23,] 0.05312210 0.00820000
[24,] 0.06571690 0.00820000
[25,] 0.10139809 0.00820000
[26,] 0.05414513 0.00820000
[27,] 0.06403729 0.00820000
[28,] 0.09325735 0.00820000
[29,] 0.11205438 0.00820000
[30,] 0.00820000 0.11748776
[31,] 0.00820000 0.07003107
[32,] 0.00820000 0.04589239
[33,] 0.00820000 0.04338645
[34,] 0.00820000 0.07595310
[35,] 0.00820000 0.05241444
[36,] 0.00820000 0.03644402
[37,] 0.00820000 0.05637071
[38,] 0.00820000 0.05251561
[39,] 0.00820000 0.04327660
[40,] 0.00820000 0.03470694
[41,] 0.00820000 0.03531621
[42,] 0.00820000 0.03565726
[43,] 0.00820000 0.04327750
[44,] 0.00820000 0.03812709
[45,] 0.00820000 0.03575254
[46,] 0.00820000 0.03517291
[47,] 0.00820000 0.03298799
[48,] 0.00820000 0.03149113
[49,] 0.00820000 0.03483679
[50,] 0.00820000 0.03640292
[51,] 0.00820000 0.03169047
[52,] 0.00820000 0.03374749
[53,] 0.00820000 0.03842517
[54,] 0.00820000 0.03433777
[55,] 0.00820000 0.03328805
[56,] 0.00820000 0.02660744
[57,] 0.00820000 0.03430185
[58,] 0.00820000 0.03441451
[59,] 0.00820000 0.03049293
[60,] 0.00820000 0.02956834
[61,] 0.00820000 0.02992251
[62,] 0.00820000 0.02755210
[63,] 0.00820000 0.02988161
[64,] 0.00820000 0.03722970
[65,] 0.00820000 0.04056177
[66,] 0.00820000 0.04413216
[67,] 0.00820000 0.04219841
[68,] 0.00820000 0.04115787

$jagsdata$r.pr
[1] 0.2 0.5

$jagsdata$psi.pr
[1] 0.9000000 0.2462207

$jagsdata$K.pr
[1] 539742.6184000      0.8325546

$jagsdata$nq
[1] 2

$jagsdata$nI
[1] 2

$jagsdata$nvar
[1] 2

$jagsdata$sigma.fixed
[1] 0

$jagsdata$sets.var
[1] 1 2

$jagsdata$sets.q
[1] 1 2

$jagsdata$Plim
[1] 0

$jagsdata$slope.HS
[1] 10000000000

$jagsdata$nTAC
[1] 1

$jagsdata$pyrs
[1] 1

$jagsdata$TAC
[1] 76982.03

$jagsdata$igamma
[1] 0.30 0.01

$jagsdata$stI
[1] 1

$jagsdata$TACint
[1] 78445.35

$jagsdata$pen.P
 [1] 0 0 0 0 0 0 0 0 0 0 0 0 0 0 0 0 0 0 0 0 0 0 0 0 0 0 0 0 0 0 0 0 0 0 0 0 0 0 0 0 0 0 0 0 0 0 0 0 0 0 0 0 0 0 0 0 0 0 0 0 0 0 0 0 0 0 0 0

$jagsdata$pen.bk
 [1] 0 0 0 0 0 0 0 0 0 0 0 0 0 0 0 0 0 0 0 0 0 0 0 0 0 0 0 0 0 0 0 0 0 0 0 0 0 0 0 0 0 0 0 0 0 0 0 0 0 0 0 0 0 0 0 0 0 0 0 0 0 0 0 0 0 0 0 0

$jagsdata$proc.pen
[1] 0

$jagsdata$K.pen
[1] 0

$jagsdata$obs.pen
[1] 0 0

$jagsdata$P_bound
[1] 0.02 1.30

$jagsdata$q_bounds
[1]    0.000000000000000000000000000001 1000.000000000000000000000000000000

$jagsdata$sigmaobs_bound
[1] 1

$jagsdata$sigmaproc_bound
[1] 0.2

$jagsdata$K_bounds
[1]           0.01 10000000000.00

$jagsdata$mu.m
[1] 1.001

$jagsdata$b.yr
 [1] 0 0 0 0 0 0 0 0 0 0 0 0 0 0 0 0 0 0 0 0 0 0 0 0 0 0 0 0 0 0 0 0 0 0 0 0 0 0 0 0 0 0 0 0 0 0 0 0 0 0 0 0 0 0 0 0 0 0 0 0 0 0 0 0 0 0 0 0

$jagsdata$b.pr
[1] 0.5 0.1

$jagsdata$CV.C
 [1] 0.15 0.15 0.15 0.15 0.15 0.15 0.15 0.15 0.15 0.15 0.15 0.15 0.15 0.15 0.15 0.15 0.15 0.15 0.15 0.15 0.15 0.15 0.15 0.15 0.15 0.15 0.15 0.15 0.15 0.15 0.15
[32] 0.15 0.15 0.15 0.15 0.15 0.15 0.15 0.15 0.15 0.15 0.15 0.15 0.15 0.15 0.15 0.15 0.15 0.15 0.15 0.15 0.15 0.15 0.15 0.15 0.15 0.15 0.15 0.15 0.15 0.15 0.15
[63] 0.15 0.15 0.15 0.15 0.15 0.15


$settings
$settings$params
 [1] "K"         "r"         "q"         "psi"       "sigma2"    "tau2"      "m"         "Hmsy"      "SBmsy"     "MSY"       "BtoBmsy"   "HtoHmsy"   "CPUE"     
[14] "Ihat"      "Proc.Dev"  "P"         "SB"        "H"         "prP"       "prBtoBmsy" "prHtoHmsy" "TOE"       "estC"     

$settings$psi.dist
[1] "lnorm"

$settings$psi.prior.raw
[1] 0.90 0.25

$settings$SE.I
[1] TRUE

$settings$sigma.proc
[1] TRUE

$settings$model.id
[1] 2

$settings$model.type
[1] "Fox"

$settings$add.catch.CV
[1] TRUE

$settings$catch.cv
[1] 0.15

$settings$CatchOnly
[1] FALSE

$settings$proc.dev.all
[1] TRUE

$settings$do.projections
[1] FALSE

$settings$TAC.implementation
[1] 2018

$settings$catch.metric
[1] "(t)"

$settings$harvest.label
[1] "Fmsy"

$settings$assessment
[1] "bet.iccat"

$settings$scenario
[1] "s1"

$settings$output.dir
[1] "C:/Work/Research/GitHub/JABBAbeta/JABBAv2.0development/bet.iccat/s1"

$settings$cols
 [1] "#e6194b"   "#3cb44b"   "#ffe119"   "#0082c8"   "#f58231"   "#911eb4"   "#46f0f0"   "#f032e6"   "#d2f53c"   "#fabebe"   "#008080"   "#e6beff"   "#aa6e28"  
[14] "#FF0000FF" "#FF9900FF" "#CCFF00FF" "#33FF00FF" "#00FF66FF" "#00FFFFFF" "#0066FFFF" "#3300FFFF" "#CC00FFFF" "#FF0099FF"


